[gd_scene load_steps=10 format=3 uid="uid://bs8wiuv3axe2p"]

[ext_resource type="Texture2D" uid="uid://bk3wrkyr8br0x" path="res://assets/grass-texture-20.jpg" id="1_tb4x6"]
[ext_resource type="PackedScene" uid="uid://b8g0hxvc0ur1j" path="res://entities/player/link.tscn" id="2_3ajh4"]
[ext_resource type="PackedScene" uid="uid://dw36867krqivj" path="res://entities/plant/plant.tscn" id="3_tqat1"]
[ext_resource type="PackedScene" uid="uid://0naobutyml7b" path="res://entities/rupee/rupee.tscn" id="4_04uv0"]
[ext_resource type="PackedScene" uid="uid://cunt05my5g2o2" path="res://entities/enemies/chuchu.tscn" id="5_s3w0q"]

[sub_resource type="ProceduralSkyMaterial" id="ProceduralSkyMaterial_aqpu5"]

[sub_resource type="Sky" id="Sky_cchuv"]
sky_material = SubResource("ProceduralSkyMaterial_aqpu5")

[sub_resource type="Environment" id="Environment_abm2v"]
background_mode = 2
sky = SubResource("Sky_cchuv")
ambient_light_color = Color(0.917647, 0.917647, 0.917647, 1)

[sub_resource type="StandardMaterial3D" id="StandardMaterial3D_ymllp"]
albedo_texture = ExtResource("1_tb4x6")
uv1_scale = Vector3(0.1, 0.1, 0.1)
uv1_triplanar = true
texture_filter = 0

[node name="World" type="WorldEnvironment"]
environment = SubResource("Environment_abm2v")

[node name="CSGBox3D" type="CSGBox3D" parent="."]
material_override = SubResource("StandardMaterial3D_ymllp")
use_collision = true
size = Vector3(964.463, 0.54189, 236.456)

[node name="CSGBox3D2" type="CSGBox3D" parent="."]
transform = Transform3D(0.849423, 0, -0.527712, 0, 1, 0, 0.527712, 0, 0.849423, 21.5679, 2.13792, 10.8682)
material_override = SubResource("StandardMaterial3D_ymllp")
use_collision = true
size = Vector3(30.479, 3.66466, 22.4744)

[node name="CSGBox3D3" type="CSGBox3D" parent="."]
transform = Transform3D(0.849423, 0, -0.527712, 0, 1, 0, 0.527712, 0, 0.849423, 0.685877, 2.13792, 22.0404)
material_override = SubResource("StandardMaterial3D_ymllp")
use_collision = true
size = Vector3(30.479, 3.66466, 22.4744)

[node name="CSGBox3D4" type="CSGBox3D" parent="."]
transform = Transform3D(0.484107, 0, -0.875009, 0, 1, 0, 0.875009, 0, 0.484107, -13.2658, 2.13792, -20.6376)
material_override = SubResource("StandardMaterial3D_ymllp")
use_collision = true
size = Vector3(30.479, 3.66466, 22.4744)

[node name="CSGBox3D5" type="CSGBox3D" parent="."]
transform = Transform3D(0.849423, 0, -0.527712, 0, 1, 0, 0.527712, 0, 0.849423, 66.5274, 2.13792, 15.5077)
material_override = SubResource("StandardMaterial3D_ymllp")
use_collision = true
size = Vector3(30.479, 3.66466, 22.4744)

[node name="CSGBox3D6" type="CSGBox3D" parent="."]
transform = Transform3D(0.849423, 0, -0.527712, 0, 1, 0, 0.527712, 0, 0.849423, 45.6453, 2.13792, 26.6799)
material_override = SubResource("StandardMaterial3D_ymllp")
use_collision = true
size = Vector3(30.479, 3.66466, 22.4744)

[node name="CSGBox3D7" type="CSGBox3D" parent="."]
transform = Transform3D(0.484107, 0, -0.875009, 0, 1, 0, 0.875009, 0, 0.484107, 31.6937, 2.13792, -15.9981)
material_override = SubResource("StandardMaterial3D_ymllp")
use_collision = true
size = Vector3(30.479, 3.66466, 22.4744)

[node name="CSGBox3D8" type="CSGBox3D" parent="."]
transform = Transform3D(0.849423, 0, -0.527712, 0, 1, 0, 0.527712, 0, 0.849423, -33.6685, 2.13792, -2.0517)
material_override = SubResource("StandardMaterial3D_ymllp")
use_collision = true
size = Vector3(30.479, 3.66466, 22.4744)

[node name="CSGBox3D9" type="CSGBox3D" parent="."]
transform = Transform3D(0.849423, 0, -0.527712, 0, 1, 0, 0.527712, 0, 0.849423, -54.5506, 2.13792, 9.1205)
material_override = SubResource("StandardMaterial3D_ymllp")
use_collision = true
size = Vector3(30.479, 3.66466, 22.4744)

[node name="CSGBox3D10" type="CSGBox3D" parent="."]
transform = Transform3D(0.484107, 0, -0.875009, 0, 1, 0, 0.875009, 0, 0.484107, -68.5023, 2.13792, -33.5575)
material_override = SubResource("StandardMaterial3D_ymllp")
use_collision = true
size = Vector3(30.479, 3.66466, 22.4744)

[node name="CSGBox3D11" type="CSGBox3D" parent="."]
transform = Transform3D(0.849423, 0, -0.527712, 0, 1, 0, 0.527712, 0, 0.849423, 2.95951, 2.13792, 77.0037)
material_override = SubResource("StandardMaterial3D_ymllp")
use_collision = true
size = Vector3(30.479, 3.66466, 22.4744)

[node name="CSGBox3D12" type="CSGBox3D" parent="."]
transform = Transform3D(0.849423, 0, -0.527712, 0, 1, 0, 0.527712, 0, 0.849423, -17.9225, 2.13792, 88.1759)
material_override = SubResource("StandardMaterial3D_ymllp")
use_collision = true
size = Vector3(30.479, 3.66466, 22.4744)

[node name="CSGBox3D13" type="CSGBox3D" parent="."]
transform = Transform3D(0.484107, 0, -0.875009, 0, 1, 0, 0.875009, 0, 0.484107, -31.8742, 2.13792, 45.4979)
material_override = SubResource("StandardMaterial3D_ymllp")
use_collision = true
size = Vector3(30.479, 3.66466, 22.4744)

[node name="Link" parent="." instance=ExtResource("2_3ajh4")]
transform = Transform3D(1, 0, 0, 0, 1, 0, 0, 0, 1, 1.91309, 0.670945, 2.60251)

[node name="Plant" parent="." instance=ExtResource("3_tqat1")]
transform = Transform3D(4, 0, 0, 0, 4, 0, 0, 0, 4, 3.51414, 0.378883, -0.167184)

[node name="Plant2" parent="." instance=ExtResource("3_tqat1")]
transform = Transform3D(4, 0, 0, 0, 4, 0, 0, 0, 4, 1.50802, 0.378883, -0.872045)

[node name="Plant3" parent="." instance=ExtResource("3_tqat1")]
transform = Transform3D(4, 0, 0, 0, 4, 0, 0, 0, 4, 2.29837, 0.378883, -0.138559)

[node name="Plant4" parent="." instance=ExtResource("3_tqat1")]
transform = Transform3D(4, 0, 0, 0, 4, 0, 0, 0, 4, -0.0159996, 0.378883, -0.037509)

[node name="Plant10" parent="." instance=ExtResource("3_tqat1")]
transform = Transform3D(4, 0, 0, 0, 4, 0, 0, 0, 4, -19.0312, 0.378883, 32.429)

[node name="Plant11" parent="." instance=ExtResource("3_tqat1")]
transform = Transform3D(4, 0, 0, 0, 4, 0, 0, 0, 4, -21.3455, 0.378883, 32.53)

[node name="Plant12" parent="." instance=ExtResource("3_tqat1")]
transform = Transform3D(4, 0, 0, 0, 4, 0, 0, 0, 4, -17.7366, 0.378883, 36.6088)

[node name="Plant13" parent="." instance=ExtResource("3_tqat1")]
transform = Transform3D(4, 0, 0, 0, 4, 0, 0, 0, 4, -20.051, 0.378883, 36.7098)

[node name="Plant14" parent="." instance=ExtResource("3_tqat1")]
transform = Transform3D(4, 0, 0, 0, 4, 0, 0, 0, 4, 29.2635, 0.378883, 39.1476)

[node name="Plant15" parent="." instance=ExtResource("3_tqat1")]
transform = Transform3D(4, 0, 0, 0, 4, 0, 0, 0, 4, 26.9491, 0.378883, 39.2486)

[node name="Plant16" parent="." instance=ExtResource("3_tqat1")]
transform = Transform3D(4, 0, 0, 0, 4, 0, 0, 0, 4, 27.9135, 0.378883, 43.4233)

[node name="Plant17" parent="." instance=ExtResource("3_tqat1")]
transform = Transform3D(4, 0, 0, 0, 4, 0, 0, 0, 4, 25.5991, 0.378883, 43.5244)

[node name="Plant5" parent="." instance=ExtResource("3_tqat1")]
transform = Transform3D(4, 0, 0, 0, 4, 0, 0, 0, 4, 1.82185, 0.378883, 0.715169)

[node name="Plant6" parent="." instance=ExtResource("3_tqat1")]
transform = Transform3D(4, 0, 0, 0, 4, 0, 0, 0, 4, 3.70471, 0.378883, 3.36625)

[node name="Plant7" parent="." instance=ExtResource("3_tqat1")]
transform = Transform3D(4, 0, 0, 0, 4, 0, 0, 0, 4, 5.19068, 0.378883, 3.00238)

[node name="Plant8" parent="." instance=ExtResource("3_tqat1")]
transform = Transform3D(4, 0, 0, 0, 4, 0, 0, 0, 4, 6.43873, 0.378883, 3.34576)

[node name="Plant9" parent="." instance=ExtResource("3_tqat1")]
transform = Transform3D(4, 0, 0, 0, 4, 0, 0, 0, 4, 4.80709, 0.378883, -0.813524)

[node name="Rupee" parent="." instance=ExtResource("4_04uv0")]
transform = Transform3D(1, 0, 0, 0, 1, 0, 0, 0, 1, -2.56015, 0, -0.435694)

[node name="Rupee2" parent="." instance=ExtResource("4_04uv0")]
transform = Transform3D(1, 0, 0, 0, 1, 0, 0, 0, 1, -1.46169, 0, -1.95489)

[node name="Rupee3" parent="." instance=ExtResource("4_04uv0")]
transform = Transform3D(1, 0, 0, 0, 1, 0, 0, 0, 1, -3.82494, 0, -3.7405)

[node name="DirectionalLight3D" type="DirectionalLight3D" parent="."]
transform = Transform3D(1, 0, 0, 0, 0.00455528, 0.99999, 0, -0.99999, 0.00455528, 0, 1.89904, 0)

[node name="Chuchu" parent="." instance=ExtResource("5_s3w0q")]
transform = Transform3D(1, 0, 0, 0, 1, 0, 0, 0, 1, 2.94509, 1.33484, -4.8775)
